100
100
099
099
098
098
097
097
096
096
095
095
094
094
093
093
092
092
091
091
090
090
089
089
088
088
087
087
086
086
085
085
084
084
083
083
082
082
081
081
080
080
079
079
078
078
077
077
076
076
075
075
074
074
073
073
072
072
071
071
070
070
069
069
068
068
067
067
066
066
065
065
064
064
063
063
062
062
061
061
060
060
059
059
058
058
057
057
056
056
055
055
054
054
053
053
052
052
051
051
050
050
049
049
048
048
047
047
046
046
045
045
044
044
043
043
042
042
041
041
040
040
039
039
038
038
037
037
036
036
035
035
034
034
033
033
032
032
031
031
030
030
029
029
028
028
027
027
026
026
025
025
024
024
023
023
022
022
021
021
020
020
019
019
018
018
017
017
016
016
015
015
014
014
013
013
012
012
011
011
010
010
009
009
008
008
007
007
006
006
005
005
004
004
003
003
002
002
001
001
100
100
099
099
098
098
097
097
096
096
095
095
094
094
093
093
092
092
091
091
090
090
089
089
088
088
087
087
086
086
085
085
084
084
083
083
082
082
081
081
080
080
079
079
078
078
077
077
076
076
075
075
074
074
073
073
072
072
071
071
070
070
069
069
068
068
067
067
066
066
065
065
064
064
063
063
062
062
061
061
060
060
059
059
058
058
057
057
056
056
055
055
054
054
053
053
052
052
051
051
050
050
049
049
048
048
047
047
046
046
045
045
044
044
043
043
042
042
041
041
040
040
039
039
038
038
037
037
036
036
035
035
034
034
033
033
032
032
031
031
030
030
029
029
028
028
027
027
026
026
025
025
024
024
023
023
022
022
021
021
020
020
019
019
018
018
017
017
016
016
015
015
014
014
013
013
012
012
011
011
010
010
009
009
008
008
007
007
006
006
005
005
004
004
003
003
002
002
001
001
100
100
099
099
098
098
097
097
096
096
095
095
094
094
093
093
092
092
091
091
090
090
089
089
088
088
087
087
086
086
085
085
084
084
083
083
082
082
081
081
080
080
079
079
078
078
077
077
076
076
075
075
074
074
073
073
072
072
071
071
070
070
069
069
068
068
067
067
066
066
065
065
064
064
063
063
062
062
061
061
060
060
059
059
058
058
057
057
056
056
055
055
054
054
053
053
052
052
051
051
050
050
049
049
048
048
047
047
046
046
045
045
044
044
043
043
042
042
041
041
040
040
039
039
038
038
037
037
036
036
035
035
034
034
033
033
032
032
031
031
030
030
029
029
028
028
027
027
026
026
025
025
024
024
023
023
022
022
021
021
020
020
019
019
018
018
017
017
016
016
015
015
014
014
013
013
012
012
011
011
010
010
009
009
008
008
007
007
006
006
005
005
004
004
003
003
002
002
001
001
100
100
099
099
098
098
097
097
096
096
095
095
094
094
093
093
092
092
091
091
090
090
089
089
088
088
087
087
086
086
085
085
084
084
083
083
082
082
081
081
080
080
079
079
078
078
077
077
076
076
075
075
074
074
073
073
072
072
071
071
070
070
069
069
068
068
067
067
066
066
065
065
064
064
063
063
062
062
061
061
060
060
059
059
058
058
057
057
056
056
055
055
054
054
053
053
052
052
051
051
050
050
049
049
048
048
047
047
046
046
045
045
044
044
043
043
042
042
041
041
040
040
039
039
038
038
037
037
036
036
035
035
034
034
033
033
032
032
031
031
030
030
029
029
028
028
027
027
026
026
025
025
024
024
023
023
022
022
021
021
020
020
019
019
018
018
017
017
016
016
015
015
014
014
013
013
012
012
011
011
010
010
009
009
008
008
007
007
006
006
005
005
004
004
003
003
002
002
001
001
100
100
099
099
098
098
097
097
096
096
095
095
094
094
093
093
092
092
091
091
090
090
089
089
088
088
087
087
086
086
085
085
084
084
083
083
082
082
081
081
080
080
079
079
078
078
077
077
076
076
075
075
074
074
073
073
072
072
071
071
070
070
069
069
068
068
067
067
066
066
065
065
064
064
063
063
062
062
061
061
060
060
059
059
058
058
057
057
056
056
055
055
054
054
053
053
052
052
051
051
050
050
049
049
048
048
047
047
046
046
045
045
044
044
043
043
042
042
041
041
040
040
039
039
038
038
037
037
036
036
035
035
034
034
033
033
032
032
031
031
030
030
029
029
028
028
027
027
026
026
025
025
024
024
023
023
022
022
021
021
020
020
019
019
018
018
017
017
016
016
015
015
014
014
013
013
012
012
011
011
010
010
009
009
008
008
007
007
006
006
005
005
004
004
003
003
002
002
001
001
100
100
099
099
098
098
097
097
096
096
095
095
094
094
093
093
092
092
091
091
090
090
089
089
088
088
087
087
086
086
085
085
084
084
083
083
082
082
081
081
080
080
079
079
078
078
077
077
076
076
075
075
074
074
073
073
072
072
071
071
070
070
069
069
068
068
067
067
066
066
065
065
064
064
063
063
062
062
061
061
060
060
059
059
058
058
057
057
056
056
055
055
054
054
053
053
052
052
051
051
050
050
049
049
048
048
047
047
046
046
045
045
044
044
043
043
042
042
041
041
040
040
039
039
038
038
037
037
036
036
035
035
034
034
033
033
032
032
031
031
030
030
029
029
028
028
027
027
026
026
025
025
024
024
023
023
022
022
021
021
020
020
019
019
018
018
017
017
016
016
015
015
014
014
013
013
012
012
011
011
010
010
009
009
008
008
007
007
006
006
005
005
004
004
003
003
002
002
001
001
100
100
099
099
098
098
097
097
096
096
095
095
094
094
093
093
092
092
091
091
090
090
089
089
088
088
087
087
086
086
085
085
084
084
083
083
082
082
081
081
080
080
079
079
078
078
077
077
076
076
075
075
074
074
073
073
072
072
071
071
070
070
069
069
068
068
067
067
066
066
065
065
064
064
063
063
062
062
061
061
060
060
059
059
058
058
057
057
056
056
055
055
054
054
053
053
052
052
051
051
050
050
049
049
048
048
047
047
046
046
045
045
044
044
043
043
042
042
041
041
040
040
039
039
038
038
037
037
036
036
035
035
034
034
033
033
032
032
031
031
030
030
029
029
028
028
027
027
026
026
025
025
024
024
023
023
022
022
021
021
020
020
019
019
018
018
017
017
016
016
015
015
014
014
013
013
012
012
011
011
010
010
009
009
008
008
007
007
006
006
005
005
004
004
003
003
002
002
001
001
100
100
099
099
098
098
097
097
096
096
095
095
094
094
093
093
092
092
091
091
090
090
089
089
088
088
087
087
086
086
085
085
084
084
083
083
082
082
081
081
080
080
079
079
078
078
077
077
076
076
075
075
074
074
073
073
072
072
071
071
070
070
069
069
068
068
067
067
066
066
065
065
064
064
063
063
062
062
061
061
060
060
059
059
058
058
057
057
056
056
055
055
054
054
053
053
052
052
051
051
050
050
049
049
048
048
047
047
046
046
045
045
044
044
043
043
042
042
041
041
040
040
039
039
038
038
037
037
036
036
035
035
034
034
033
033
032
032
031
031
030
030
029
029
028
028
027
027
026
026
025
025
024
024
023
023
022
022
021
021
020
020
019
019
018
018
017
017
016
016
015
015
014
014
013
013
012
012
011
011
010
010
009
009
008
008
007
007
006
006
005
005
004
004
003
003
002
002
001
001
100
100
099
099
098
098
097
097
096
096
095
095
094
094
093
093
092
092
091
091
090
090
089
089
088
088
087
087
086
086
085
085
084
084
083
083
082
082
081
081
080
080
079
079
078
078
077
077
076
076
075
075
074
074
073
073
072
072
071
071
070
070
069
069
068
068
067
067
066
066
065
065
064
064
063
063
062
062
061
061
060
060
059
059
058
058
057
057
056
056
055
055
054
054
053
053
052
052
051
051
050
050
049
049
048
048
047
047
046
046
045
045
044
044
043
043
042
042
041
041
040
040
039
039
038
038
037
037
036
036
035
035
034
034
033
033
032
032
031
031
030
030
029
029
028
028
027
027
026
026
025
025
024
024
023
023
022
022
021
021
020
020
019
019
018
018
017
017
016
016
015
015
014
014
013
013
012
012
011
011
010
010
009
009
008
008
007
007
006
006
005
005
004
004
003
003
002
002
001
001
